0
8
16
216
224
232
100
108
116
316
324
332
50
58
66
266
274
282
150
158
166
366
374
382
25
33
41
241
249
257
125
133
141
341
349
357
75
83
91
291
299
307
175
183
191
391
399
407
3
11
19
219
227
235
103
111
119
319
327
335
53
61
69
269
277
285
169
177
185
385
393
401
28
36
44
244
252
260
144
152
160
360
368
376
78
86
94
294
302
310
194
202
210
410
418
426
6
14
22
222
230
238
122
130
138
338
346
354
72
80
88
288
296
304
172
180
188
388
396
404
31
39
47
247
255
263
147
155
163
363
371
379
97
105
113
313
321
329
197
205
213
413
421
429
1
9
17
217
225
233
101
109
117
317
325
333
51
59
67
267
275
283
151
159
167
367
375
383
26
34
42
242
250
258
126
134
142
342
350
358
76
84
92
292
300
308
192
200
208
408
416
424
4
12
20
220
228
236
120
128
136
336
344
352
54
62
70
270
278
286
170
178
186
386
394
402
29
37
45
245
253
261
145
153
161
361
369
377
79
87
95
295
303
311
195
203
211
411
419
427
7
15
23
223
231
239
123
131
139
339
347
355
73
81
89
289
297
305
173
181
189
389
397
405
48
56
64
264
272
280
148
156
164
364
372
380
98
106
114
314
322
330
198
206
214
414
422
430
2
10
18
218
226
234
102
110
118
318
326
334
52
60
68
268
276
284
168
176
184
384
392
400
27
35
43
243
251
259
127
135
143
343
351
359
77
85
93
293
301
309
193
201
209
409
417
425
5
13
21
221
229
237
121
129
137
337
345
353
55
63
71
271
279
287
171
179
187
387
395
403
30
38
46
246
254
262
146
154
162
362
370
378
96
104
112
312
320
328
196
204
212
412
420
428
24
32
40
240
248
256
124
132
140
340
348
356
74
82
90
290
298
306
174
182
190
390
398
406
49
57
65
265
273
281
149
157
165
365
373
381
99
107
115
315
323
331
199
207
215
415
423
431
432
440
448
648
656
664
532
540
548
748
756
764
482
490
498
698
706
714
582
590
598
798
806
814
457
465
473
673
681
689
557
565
573
773
781
789
507
515
523
723
731
739
607
615
623
823
831
839
435
443
451
651
659
667
535
543
551
751
759
767
485
493
501
701
709
717
601
609
617
817
825
833
460
468
476
676
684
692
576
584
592
792
800
808
510
518
526
726
734
742
626
634
642
842
850
858
438
446
454
654
662
670
554
562
570
770
778
786
504
512
520
720
728
736
604
612
620
820
828
836
463
471
479
679
687
695
579
587
595
795
803
811
529
537
545
745
753
761
629
637
645
845
853
861
433
441
449
649
657
665
533
541
549
749
757
765
483
491
499
699
707
715
583
591
599
799
807
815
458
466
474
674
682
690
558
566
574
774
782
790
508
516
524
724
732
740
624
632
640
840
848
856
436
444
452
652
660
668
552
560
568
768
776
784
486
494
502
702
710
718
602
610
618
818
826
834
461
469
477
677
685
693
577
585
593
793
801
809
511
519
527
727
735
743
627
635
643
843
851
859
439
447
455
655
663
671
555
563
571
771
779
787
505
513
521
721
729
737
605
613
621
821
829
837
480
488
496
696
704
712
580
588
596
796
804
812
530
538
546
746
754
762
630
638
646
846
854
862
434
442
450
650
658
666
534
542
550
750
758
766
484
492
500
700
708
716
600
608
616
816
824
832
459
467
475
675
683
691
559
567
575
775
783
791
509
517
525
725
733
741
625
633
641
841
849
857
437
445
453
653
661
669
553
561
569
769
777
785
487
495
503
703
711
719
603
611
619
819
827
835
462
470
478
678
686
694
578
586
594
794
802
810
528
536
544
744
752
760
628
636
644
844
852
860
456
464
472
672
680
688
556
564
572
772
780
788
506
514
522
722
730
738
606
614
622
822
830
838
481
489
497
697
705
713
581
589
597
797
805
813
531
539
547
747
755
763
631
639
647
847
855
863
