0
8
16
24
288
296
304
312
132
140
148
156
420
428
436
444
66
74
82
90
354
362
370
378
198
206
214
222
486
494
502
510
33
41
49
57
321
329
337
345
165
173
181
189
453
461
469
477
99
107
115
123
387
395
403
411
231
239
247
255
519
527
535
543
3
11
19
27
291
299
307
315
135
143
151
159
423
431
439
447
69
77
85
93
357
365
373
381
225
233
241
249
513
521
529
537
36
44
52
60
324
332
340
348
192
200
208
216
480
488
496
504
102
110
118
126
390
398
406
414
258
266
274
282
546
554
562
570
6
14
22
30
294
302
310
318
162
170
178
186
450
458
466
474
96
104
112
120
384
392
400
408
228
236
244
252
516
524
532
540
39
47
55
63
327
335
343
351
195
203
211
219
483
491
499
507
129
137
145
153
417
425
433
441
261
269
277
285
549
557
565
573
1
9
17
25
289
297
305
313
133
141
149
157
421
429
437
445
67
75
83
91
355
363
371
379
199
207
215
223
487
495
503
511
34
42
50
58
322
330
338
346
166
174
182
190
454
462
470
478
100
108
116
124
388
396
404
412
256
264
272
280
544
552
560
568
4
12
20
28
292
300
308
316
160
168
176
184
448
456
464
472
70
78
86
94
358
366
374
382
226
234
242
250
514
522
530
538
37
45
53
61
325
333
341
349
193
201
209
217
481
489
497
505
103
111
119
127
391
399
407
415
259
267
275
283
547
555
563
571
7
15
23
31
295
303
311
319
163
171
179
187
451
459
467
475
97
105
113
121
385
393
401
409
229
237
245
253
517
525
533
541
64
72
80
88
352
360
368
376
196
204
212
220
484
492
500
508
130
138
146
154
418
426
434
442
262
270
278
286
550
558
566
574
2
10
18
26
290
298
306
314
134
142
150
158
422
430
438
446
68
76
84
92
356
364
372
380
224
232
240
248
512
520
528
536
35
43
51
59
323
331
339
347
167
175
183
191
455
463
471
479
101
109
117
125
389
397
405
413
257
265
273
281
545
553
561
569
5
13
21
29
293
301
309
317
161
169
177
185
449
457
465
473
71
79
87
95
359
367
375
383
227
235
243
251
515
523
531
539
38
46
54
62
326
334
342
350
194
202
210
218
482
490
498
506
128
136
144
152
416
424
432
440
260
268
276
284
548
556
564
572
32
40
48
56
320
328
336
344
164
172
180
188
452
460
468
476
98
106
114
122
386
394
402
410
230
238
246
254
518
526
534
542
65
73
81
89
353
361
369
377
197
205
213
221
485
493
501
509
131
139
147
155
419
427
435
443
263
271
279
287
551
559
567
575
576
584
592
600
864
872
880
888
708
716
724
732
996
1004
1012
1020
642
650
658
666
930
938
946
954
774
782
790
798
1062
1070
1078
1086
609
617
625
633
897
905
913
921
741
749
757
765
1029
1037
1045
1053
675
683
691
699
963
971
979
987
807
815
823
831
1095
1103
1111
1119
579
587
595
603
867
875
883
891
711
719
727
735
999
1007
1015
1023
645
653
661
669
933
941
949
957
801
809
817
825
1089
1097
1105
1113
612
620
628
636
900
908
916
924
768
776
784
792
1056
1064
1072
1080
678
686
694
702
966
974
982
990
834
842
850
858
1122
1130
1138
1146
582
590
598
606
870
878
886
894
738
746
754
762
1026
1034
1042
1050
672
680
688
696
960
968
976
984
804
812
820
828
1092
1100
1108
1116
615
623
631
639
903
911
919
927
771
779
787
795
1059
1067
1075
1083
705
713
721
729
993
1001
1009
1017
837
845
853
861
1125
1133
1141
1149
577
585
593
601
865
873
881
889
709
717
725
733
997
1005
1013
1021
643
651
659
667
931
939
947
955
775
783
791
799
1063
1071
1079
1087
610
618
626
634
898
906
914
922
742
750
758
766
1030
1038
1046
1054
676
684
692
700
964
972
980
988
832
840
848
856
1120
1128
1136
1144
580
588
596
604
868
876
884
892
736
744
752
760
1024
1032
1040
1048
646
654
662
670
934
942
950
958
802
810
818
826
1090
1098
1106
1114
613
621
629
637
901
909
917
925
769
777
785
793
1057
1065
1073
1081
679
687
695
703
967
975
983
991
835
843
851
859
1123
1131
1139
1147
583
591
599
607
871
879
887
895
739
747
755
763
1027
1035
1043
1051
673
681
689
697
961
969
977
985
805
813
821
829
1093
1101
1109
1117
640
648
656
664
928
936
944
952
772
780
788
796
1060
1068
1076
1084
706
714
722
730
994
1002
1010
1018
838
846
854
862
1126
1134
1142
1150
578
586
594
602
866
874
882
890
710
718
726
734
998
1006
1014
1022
644
652
660
668
932
940
948
956
800
808
816
824
1088
1096
1104
1112
611
619
627
635
899
907
915
923
743
751
759
767
1031
1039
1047
1055
677
685
693
701
965
973
981
989
833
841
849
857
1121
1129
1137
1145
581
589
597
605
869
877
885
893
737
745
753
761
1025
1033
1041
1049
647
655
663
671
935
943
951
959
803
811
819
827
1091
1099
1107
1115
614
622
630
638
902
910
918
926
770
778
786
794
1058
1066
1074
1082
704
712
720
728
992
1000
1008
1016
836
844
852
860
1124
1132
1140
1148
608
616
624
632
896
904
912
920
740
748
756
764
1028
1036
1044
1052
674
682
690
698
962
970
978
986
806
814
822
830
1094
1102
1110
1118
641
649
657
665
929
937
945
953
773
781
789
797
1061
1069
1077
1085
707
715
723
731
995
1003
1011
1019
839
847
855
863
1127
1135
1143
1151
