5
13
21
29
225
233
241
249
320
328
336
344
37
45
53
61
194
202
210
218
352
360
368
376
36
44
52
60
226
234
242
250
358
366
374
382
4
12
20
28
195
203
211
219
326
334
342
350
7
15
23
31
227
235
243
251
359
367
375
383
39
47
55
63
128
136
144
152
327
335
343
351
38
46
54
62
160
168
176
184
357
365
373
381
6
14
22
30
129
137
145
153
325
333
341
349
3
11
19
27
161
169
177
185
324
332
340
348
35
43
51
59
130
138
146
154
356
364
372
380
34
42
50
58
162
170
178
186
290
298
306
314
2
10
18
26
131
139
147
155
258
266
274
282
32
40
48
56
163
171
179
187
291
299
307
315
0
8
16
24
132
140
148
156
259
267
275
283
33
41
49
57
164
172
180
188
289
297
305
313
1
9
17
25
133
141
149
157
257
265
273
281
69
77
85
93
165
173
181
189
256
264
272
280
101
109
117
125
134
142
150
158
288
296
304
312
100
108
116
124
166
174
182
190
294
302
310
318
68
76
84
92
135
143
151
159
262
270
278
286
71
79
87
95
167
175
183
191
295
303
311
319
103
111
119
127
231
239
247
255
263
271
279
287
102
110
118
126
199
207
215
223
293
301
309
317
70
78
86
94
198
206
214
222
261
269
277
285
67
75
83
91
230
238
246
254
260
268
276
284
99
107
115
123
196
204
212
220
292
300
308
316
98
106
114
122
228
236
244
252
354
362
370
378
66
74
82
90
197
205
213
221
322
330
338
346
96
104
112
120
229
237
245
253
355
363
371
379
64
72
80
88
192
200
208
216
323
331
339
347
97
105
113
121
224
232
240
248
353
361
369
377
65
73
81
89
193
201
209
217
321
329
337
345
743
751
759
767
455
463
471
479
614
622
630
638
711
719
727
735
485
493
501
509
582
590
598
606
710
718
726
734
453
461
469
477
579
587
595
603
742
750
758
766
452
460
468
476
611
619
627
635
708
716
724
732
484
492
500
508
610
618
626
634
740
748
756
764
422
430
438
446
578
586
594
602
709
717
725
733
390
398
406
414
608
616
624
632
741
749
757
765
423
431
439
447
576
584
592
600
704
712
720
728
391
399
407
415
609
617
625
633
736
744
752
760
421
429
437
445
577
585
593
601
705
713
721
729
389
397
405
413
517
525
533
541
737
745
753
761
388
396
404
412
549
557
565
573
706
714
722
730
420
428
436
444
548
556
564
572
738
746
754
762
417
425
433
441
516
524
532
540
707
715
723
731
385
393
401
409
519
527
535
543
739
747
755
763
384
392
400
408
551
559
567
575
640
648
656
664
416
424
432
440
550
558
566
574
672
680
688
696
419
427
435
443
518
526
534
542
641
649
657
665
387
395
403
411
515
523
531
539
673
681
689
697
386
394
402
410
547
555
563
571
642
650
658
666
418
426
434
442
546
554
562
570
674
682
690
698
482
490
498
506
514
522
530
538
643
651
659
667
450
458
466
474
544
552
560
568
675
683
691
699
483
491
499
507
512
520
528
536
644
652
660
668
451
459
467
475
545
553
561
569
676
684
692
700
481
489
497
505
513
521
529
537
645
653
661
669
449
457
465
473
581
589
597
605
677
685
693
701
448
456
464
472
613
621
629
637
646
654
662
670
480
488
496
504
612
620
628
636
678
686
694
702
486
494
502
510
580
588
596
604
647
655
663
671
454
462
470
478
583
591
599
607
679
687
695
703
487
495
503
511
615
623
631
639
