0
48
96
16
64
112
32
80
128
8
56
104
24
72
120
40
88
136
4
52
100
20
68
116
36
84
132
12
60
108
28
76
124
44
92
140
2
50
98
18
66
114
34
82
130
10
58
106
26
74
122
42
90
138
6
54
102
22
70
118
38
86
134
14
62
110
30
78
126
46
94
142
1
49
97
17
65
113
33
81
129
9
57
105
25
73
121
41
89
137
5
53
101
21
69
117
37
85
133
13
61
109
29
77
125
45
93
141
3
51
99
19
67
115
35
83
131
11
59
107
27
75
123
43
91
139
7
55
103
23
71
119
39
87
135
15
63
111
31
79
127
47
95
143
144
192
240
160
208
256
176
224
272
152
200
248
168
216
264
184
232
280
148
196
244
164
212
260
180
228
276
156
204
252
172
220
268
188
236
284
146
194
242
162
210
258
178
226
274
154
202
250
170
218
266
186
234
282
150
198
246
166
214
262
182
230
278
158
206
254
174
222
270
190
238
286
145
193
241
161
209
257
177
225
273
153
201
249
169
217
265
185
233
281
149
197
245
165
213
261
181
229
277
157
205
253
173
221
269
189
237
285
147
195
243
163
211
259
179
227
275
155
203
251
171
219
267
187
235
283
151
199
247
167
215
263
183
231
279
159
207
255
175
223
271
191
239
287
