0 0 40
0 1 41
0 2 42
0 3 43
0 4 204
0 5 205
0 6 206
0 7 207
1 0 320
1 1 321
1 2 322
1 3 323
1 4 44
1 5 45
1 6 46
1 7 47
2 0 208
2 1 209
2 2 210
2 3 211
2 4 324
2 5 325
2 6 326
2 7 327
3 0 36
3 1 37
3 2 38
3 3 39
3 4 212
3 5 213
3 6 214
3 7 215
4 0 372
4 1 373
4 2 374
4 3 375
4 4 32
4 5 33
4 6 34
4 7 35
5 0 216
5 1 217
5 2 218
5 3 219
5 4 368
5 5 369
5 6 370
5 7 371
6 0 56
6 1 57
6 2 58
6 3 59
6 4 220
6 5 221
6 6 222
6 7 223
7 0 380
7 1 381
7 2 382
7 3 383
7 4 60
7 5 61
7 6 62
7 7 63
8 0 128
8 1 129
8 2 130
8 3 131
8 4 376
8 5 377
8 6 378
8 7 379
9 0 52
9 1 53
9 2 54
9 3 55
9 4 132
9 5 133
9 6 134
9 7 135
10 0 364
10 1 365
10 2 366
10 3 367
10 4 48
10 5 49
10 6 50
10 7 51
11 0 136
11 1 137
11 2 138
11 3 139
11 4 360
11 5 361
11 6 362
11 7 363
12 0 24
12 1 25
12 2 26
12 3 27
12 4 140
12 5 141
12 6 142
12 7 143
13 0 352
13 1 353
13 2 354
13 3 355
13 4 28
13 5 29
13 6 30
13 7 31
14 0 144
14 1 145
14 2 146
14 3 147
14 4 356
14 5 357
14 6 358
14 7 359
15 0 20
15 1 21
15 2 22
15 3 23
15 4 148
15 5 149
15 6 150
15 7 151
16 0 276
16 1 277
16 2 278
16 3 279
16 4 16
16 5 17
16 6 18
16 7 19
17 0 152
17 1 153
17 2 154
17 3 155
17 4 272
17 5 273
17 6 274
17 7 275
18 0 4
18 1 5
18 2 6
18 3 7
18 4 156
18 5 157
18 6 158
18 7 159
19 0 284
19 1 285
19 2 286
19 3 287
19 4 0
19 5 1
19 6 2
19 7 3
20 0 160
20 1 161
20 2 162
20 3 163
20 4 280
20 5 281
20 6 282
20 7 283
21 0 12
21 1 13
21 2 14
21 3 15
21 4 164
21 5 165
21 6 166
21 7 167
22 0 268
22 1 269
22 2 270
22 3 271
22 4 8
22 5 9
22 6 10
22 7 11
23 0 168
23 1 169
23 2 170
23 3 171
23 4 264
23 5 265
23 6 266
23 7 267
24 0 104
24 1 105
24 2 106
24 3 107
24 4 172
24 5 173
24 6 174
24 7 175
25 0 256
25 1 257
25 2 258
25 3 259
25 4 108
25 5 109
25 6 110
25 7 111
26 0 176
26 1 177
26 2 178
26 3 179
26 4 260
26 5 261
26 6 262
26 7 263
27 0 100
27 1 101
27 2 102
27 3 103
27 4 180
27 5 181
27 6 182
27 7 183
28 0 308
28 1 309
28 2 310
28 3 311
28 4 96
28 5 97
28 6 98
28 7 99
29 0 184
29 1 185
29 2 186
29 3 187
29 4 304
29 5 305
29 6 306
29 7 307
30 0 120
30 1 121
30 2 122
30 3 123
30 4 188
30 5 189
30 6 190
30 7 191
31 0 316
31 1 317
31 2 318
31 3 319
31 4 124
31 5 125
31 6 126
31 7 127
32 0 252
32 1 253
32 2 254
32 3 255
32 4 312
32 5 313
32 6 314
32 7 315
33 0 116
33 1 117
33 2 118
33 3 119
33 4 248
33 5 249
33 6 250
33 7 251
34 0 300
34 1 301
34 2 302
34 3 303
34 4 112
34 5 113
34 6 114
34 7 115
35 0 240
35 1 241
35 2 242
35 3 243
35 4 296
35 5 297
35 6 298
35 7 299
36 0 88
36 1 89
36 2 90
36 3 91
36 4 244
36 5 245
36 6 246
36 7 247
37 0 288
37 1 289
37 2 290
37 3 291
37 4 92
37 5 93
37 6 94
37 7 95
38 0 224
38 1 225
38 2 226
38 3 227
38 4 292
38 5 293
38 6 294
38 7 295
39 0 84
39 1 85
39 2 86
39 3 87
39 4 228
39 5 229
39 6 230
39 7 231
40 0 340
40 1 341
40 2 342
40 3 343
40 4 80
40 5 81
40 6 82
40 7 83
41 0 232
41 1 233
41 2 234
41 3 235
41 4 336
41 5 337
41 6 338
41 7 339
42 0 68
42 1 69
42 2 70
42 3 71
42 4 236
42 5 237
42 6 238
42 7 239
43 0 348
43 1 349
43 2 350
43 3 351
43 4 64
43 5 65
43 6 66
43 7 67
44 0 192
44 1 193
44 2 194
44 3 195
44 4 344
44 5 345
44 6 346
44 7 347
45 0 76
45 1 77
45 2 78
45 3 79
45 4 196
45 5 197
45 6 198
45 7 199
46 0 332
46 1 333
46 2 334
46 3 335
46 4 72
46 5 73
46 6 74
46 7 75
47 0 200
47 1 201
47 2 202
47 3 203
47 4 328
47 5 329
47 6 330
47 7 331
48 0 764
48 1 765
48 2 766
48 3 767
48 4 504
48 5 505
48 6 506
48 7 507
49 0 628
49 1 629
49 2 630
49 3 631
49 4 760
49 5 761
49 6 762
49 7 763
50 0 492
50 1 493
50 2 494
50 3 495
50 4 624
50 5 625
50 6 626
50 7 627
51 0 752
51 1 753
51 2 754
51 3 755
51 4 488
51 5 489
51 6 490
51 7 491
52 0 600
52 1 601
52 2 602
52 3 603
52 4 756
52 5 757
52 6 758
52 7 759
53 0 480
53 1 481
53 2 482
53 3 483
53 4 604
53 5 605
53 6 606
53 7 607
54 0 736
54 1 737
54 2 738
54 3 739
54 4 484
54 5 485
54 6 486
54 7 487
55 0 596
55 1 597
55 2 598
55 3 599
55 4 740
55 5 741
55 6 742
55 7 743
56 0 436
56 1 437
56 2 438
56 3 439
56 4 592
56 5 593
56 6 594
56 7 595
57 0 744
57 1 745
57 2 746
57 3 747
57 4 432
57 5 433
57 6 434
57 7 435
58 0 580
58 1 581
58 2 582
58 3 583
58 4 748
58 5 749
58 6 750
58 7 751
59 0 444
59 1 445
59 2 446
59 3 447
59 4 576
59 5 577
59 6 578
59 7 579
60 0 704
60 1 705
60 2 706
60 3 707
60 4 440
60 5 441
60 6 442
60 7 443
61 0 588
61 1 589
61 2 590
61 3 591
61 4 708
61 5 709
61 6 710
61 7 711
62 0 428
62 1 429
62 2 430
62 3 431
62 4 584
62 5 585
62 6 586
62 7 587
63 0 712
63 1 713
63 2 714
63 3 715
63 4 424
63 5 425
63 6 426
63 7 427
64 0 552
64 1 553
64 2 554
64 3 555
64 4 716
64 5 717
64 6 718
64 7 719
65 0 416
65 1 417
65 2 418
65 3 419
65 4 556
65 5 557
65 6 558
65 7 559
66 0 720
66 1 721
66 2 722
66 3 723
66 4 420
66 5 421
66 6 422
66 7 423
67 0 548
67 1 549
67 2 550
67 3 551
67 4 724
67 5 725
67 6 726
67 7 727
68 0 396
68 1 397
68 2 398
68 3 399
68 4 544
68 5 545
68 6 546
68 7 547
69 0 728
69 1 729
69 2 730
69 3 731
69 4 392
69 5 393
69 6 394
69 7 395
70 0 568
70 1 569
70 2 570
70 3 571
70 4 732
70 5 733
70 6 734
70 7 735
71 0 384
71 1 385
71 2 386
71 3 387
71 4 572
71 5 573
71 6 574
71 7 575
72 0 640
72 1 641
72 2 642
72 3 643
72 4 388
72 5 389
72 6 390
72 7 391
73 0 564
73 1 565
73 2 566
73 3 567
73 4 644
73 5 645
73 6 646
73 7 647
74 0 412
74 1 413
74 2 414
74 3 415
74 4 560
74 5 561
74 6 562
74 7 563
75 0 648
75 1 649
75 2 650
75 3 651
75 4 408
75 5 409
75 6 410
75 7 411
76 0 536
76 1 537
76 2 538
76 3 539
76 4 652
76 5 653
76 6 654
76 7 655
77 0 400
77 1 401
77 2 402
77 3 403
77 4 540
77 5 541
77 6 542
77 7 543
78 0 656
78 1 657
78 2 658
78 3 659
78 4 404
78 5 405
78 6 406
78 7 407
79 0 532
79 1 533
79 2 534
79 3 535
79 4 660
79 5 661
79 6 662
79 7 663
80 0 468
80 1 469
80 2 470
80 3 471
80 4 528
80 5 529
80 6 530
80 7 531
81 0 664
81 1 665
81 2 666
81 3 667
81 4 464
81 5 465
81 6 466
81 7 467
82 0 516
82 1 517
82 2 518
82 3 519
82 4 668
82 5 669
82 6 670
82 7 671
83 0 476
83 1 477
83 2 478
83 3 479
83 4 512
83 5 513
83 6 514
83 7 515
84 0 672
84 1 673
84 2 674
84 3 675
84 4 472
84 5 473
84 6 474
84 7 475
85 0 524
85 1 525
85 2 526
85 3 527
85 4 676
85 5 677
85 6 678
85 7 679
86 0 460
86 1 461
86 2 462
86 3 463
86 4 520
86 5 521
86 6 522
86 7 523
87 0 680
87 1 681
87 2 682
87 3 683
87 4 456
87 5 457
87 6 458
87 7 459
88 0 616
88 1 617
88 2 618
88 3 619
88 4 684
88 5 685
88 6 686
88 7 687
89 0 448
89 1 449
89 2 450
89 3 451
89 4 620
89 5 621
89 6 622
89 7 623
90 0 688
90 1 689
90 2 690
90 3 691
90 4 452
90 5 453
90 6 454
90 7 455
91 0 612
91 1 613
91 2 614
91 3 615
91 4 692
91 5 693
91 6 694
91 7 695
92 0 500
92 1 501
92 2 502
92 3 503
92 4 608
92 5 609
92 6 610
92 7 611
93 0 696
93 1 697
93 2 698
93 3 699
93 4 496
93 5 497
93 6 498
93 7 499
94 0 632
94 1 633
94 2 634
94 3 635
94 4 700
94 5 701
94 6 702
94 7 703
95 0 508
95 1 509
95 2 510
95 3 511
95 4 636
95 5 637
95 6 638
95 7 639
